chr1:161477219-161478219	7.822644022644023
chr1:161478219-162255788	7.987336102644564
chr1:162255788-201466574	7.38268968859683
chr1:201466574-241987693	6.5740832632464254
chr1:241987693-242084609	5.022925458553883
chr1:242084609-242085609	4.822777222777223
chr18:28656249-28657249	5.195937395937396
chr18:28657249-28658249	5.325407925407926