chr7:93108722-93109722	75.507
chr7:93109722-93109777	75.14545454545454
chr7:93109777-93110703	76.98164146868251
chr7:93110703-93111703	36.007
AB014381.1:622-1622	37.696
AB014381.1:1622-2622	145.427
