chr14:92760255-92761255	40.114
chr14:92761255-93364580	38.3543894252683
chr14:93364580-93364595	53.4
chr14:93364595-93459855	38.755175309678776
chr14:93459855-93460198	20.230320699708454
chr14:93460198-93461198	36.059
chr2:41378356-41379356	44.721
chr2:41379356-41380356	56.315
chr6:26211579-26212579	38.893
chr6:26212579-26212879	44.473333333333336
chr6:26212879-26213879	35.339
