chr13:65870698-65871698	5.227972027972028
chr13:65871698-65872698	6.216983016983018
chr17:12674715-12675715	3.9196803196803196
chr17:12675715-15561531	5.471686966521671
chr17:15561531-18783236	5.2769696965934605
chr17:18783236-18784236	6.373026973026973