chr12:2748693-2749693	36.541
chr12:2749693-8405890	39.97523901660426
chr12:8405890-8415631	0.18509393286110257
chr12:8415631-12391927	38.33826329830576
chr12:12391927-12393688	40.54003407155025
chr12:12393688-12394688	36.641
chr9:78315972-78316972	46.042
chr9:78316972-78317972	56.849
