chr12:80189808-80190808	50.474
chr12:80190808-80454441	41.93853576752531
chr12:80454441-80461952	42.386766076421246
chr12:80461952-80462952	49.667
chr16:53148743-53149743	46.979
chr16:53149743-53150743	42.549
