chr1:161348831-161349831	7.890909090909091
chr1:161349831-161350831	7.6687312687312685
chr16:30637585-30638585	6.7860139860139865
chr16:30638585-30730338	5.639540510495456
chr16:30730338-30752217	7.0315722120658135
chr16:30752217-30770119	7.0591520974138415
chr16:30770119-30797636	7.179998546405988
chr16:30797636-30798636	5.885314685314685