chr3:140882171-140883171	4.780819180819181
chr3:140883171-140883231	4.504918032786885
chr3:140883231-140973686	6.277697444061201
chr3:140973686-140983539	7.5584128272782625
chr3:140983539-140984539	5.471128871128871
chr18:74653847-74654847	7.4019980019980025
chr18:74654847-74655847	8.297702297702298