chr1:62995279-62996279	6.798401598401599
chr1:62996279-63001082	7.294421315570358
chr1:63001082-63045952	8.355075661340287
chr1:63045952-63073763	6.447231410901769
chr1:63073763-63074763	5.079120879120879
chr3:145748448-145749448	8.009190809190809
chr3:145749448-145750448	7.198601398601399