chr9:63822983-63823983	48.17702297702298
chr9:63823983-63824983	42.6943056943057
chr20:30405411-30406411	7.091508491508492
chr20:30406411-30425087	18.521539861862184
chr20:30425087-30456114	0.023701173133943536
chr20:30456114-30503689	4.910559946191357
chr20:30503689-30507328	5.337142857142857
chr20:30507328-30508328	5.656343656343656
chr22:12421552-12422552	14.860139860139862
chr22:12422552-12423552	14.622577422577422