chr1:149079757-149080757	6.201998001998001
chr1:149080757-149084281	6.235063829787235
chr1:149084281-149087265	6.2155443886097155
chr1:149087265-149110588	5.635851483450523
chr1:149110588-149111588	5.245354645354645
chr7:111644843-111645843	6.057642357642358
chr7:111645843-111646843	5.794705294705294