chr2:140344838-140345838	7.769230769230769
chr2:140345838-140346838	7.672327672327673
chr14:58189194-58190194	6.254345654345654
chr14:58190194-58254340	7.273266091945064
chr14:58254340-58299896	7.001949206488575
chr14:58299896-58337245	7.041279785809907
chr14:58337245-58338245	8.225374625374625