HPV16REF.1:1-858	9.420070011668612
HPV16REF.1:858-7905	8.086
chr3:59854775-59855775	43.636
chr3:59855775-59859834	41.031042128603104
chr3:59859834-60594676	36.22751421393987
chr3:60594676-60595676	30.672
