chr7:91052496-91053496	23.37199385979874
chr7:91053496-93109722	53.240792184055515
chr7:93109722-93109777	48.01393728222997
chr7:93109777-93110703	53.8963875075644
chr7:93110703-93401704	22.36027210273134
chr7:93401704-93402704	51.23754294486002
AB014381.1:622-1622	14.10625
AB014381.1:1622-2622	14.10625